   5.5500000e+01   6.9500000e+01
   4.1000000e+01   8.1500000e+01
   5.3500000e+01   8.6000000e+01
   4.6000000e+01   8.4000000e+01
   4.1000000e+01   7.3500000e+01
   5.1500000e+01   6.9000000e+01
   5.1000000e+01   6.2500000e+01
   4.2000000e+01   7.5000000e+01
   5.3500000e+01   8.3000000e+01
   5.7500000e+01   7.1000000e+01
   4.2500000e+01   7.2500000e+01
   4.1000000e+01   8.0000000e+01
   4.6000000e+01   8.2000000e+01
   4.6000000e+01   6.0500000e+01
   4.9500000e+01   7.6000000e+01
   4.1000000e+01   7.6000000e+01
   4.8500000e+01   7.2500000e+01
   5.1500000e+01   8.2500000e+01
   4.4500000e+01   7.0500000e+01
   4.4000000e+01   6.6000000e+01
   3.3000000e+01   7.6500000e+01
   3.3500000e+01   7.8500000e+01
   3.1500000e+01   7.2000000e+01
   3.3000000e+01   8.1500000e+01
   4.2000000e+01   5.9500000e+01
   3.0000000e+01   6.4000000e+01
   6.1000000e+01   4.5000000e+01
   4.9000000e+01   7.9000000e+01
   2.6500000e+01   6.4500000e+01
   3.4000000e+01   7.1500000e+01
   4.2000000e+01   8.3500000e+01
   2.9500000e+01   7.4500000e+01
   3.9500000e+01   7.0000000e+01
   5.1500000e+01   6.6000000e+01
   4.1500000e+01   7.1500000e+01
   4.2500000e+01   7.9500000e+01
   3.5000000e+01   5.9500000e+01
   3.8500000e+01   7.3500000e+01
   3.2000000e+01   8.1500000e+01
   4.6000000e+01   6.0500000e+01
   
